At time 1762853576.778992304
- Translation: [0.000, 0.000, 0.000]
- Rotation: in Quaternion [0.000, 0.000, -0.707, 0.707]
- Rotation: in RPY (radian) [0.000, 0.000, -1.571]
- Rotation: in RPY (degree) [0.000, 0.000, -89.996]
- Matrix:
  0.000  1.000  0.000  0.000
 -1.000  0.000 -0.000  0.000
 -0.000  0.000  1.000  0.000
  0.000  0.000  0.000  1.000
At time 1762853577.786397635
- Translation: [0.000, 0.000, 0.000]
- Rotation: in Quaternion [0.000, 0.000, -0.707, 0.707]
- Rotation: in RPY (radian) [0.000, 0.000, -1.571]
- Rotation: in RPY (degree) [0.000, 0.000, -89.996]
- Matrix:
  0.000  1.000  0.000  0.000
 -1.000  0.000 -0.000  0.000
 -0.000  0.000  1.000  0.000
  0.000  0.000  0.000  1.000
At time 1762853578.778167141
- Translation: [1.185, -0.998, 0.000]
- Rotation: in Quaternion [0.000, 0.000, -0.167, 0.986]
- Rotation: in RPY (radian) [0.000, 0.000, -0.335]
- Rotation: in RPY (degree) [0.000, 0.000, -19.207]
- Matrix:
  0.944  0.329  0.000  1.185
 -0.329  0.944 -0.000 -0.998
 -0.000  0.000  1.000  0.000
  0.000  0.000  0.000  1.000
At time 1762853579.785981332
- Translation: [0.965, 0.667, 0.000]
- Rotation: in Quaternion [0.000, 0.000, 0.714, 0.701]
- Rotation: in RPY (radian) [0.000, -0.000, 1.589]
- Rotation: in RPY (degree) [0.000, -0.000, 91.059]
- Matrix:
 -0.018 -1.000  0.000  0.965
  1.000 -0.018  0.000  0.667
  0.000  0.000  1.000  0.000
  0.000  0.000  0.000  1.000
At time 1762853580.778344832
- Translation: [0.936, 0.843, 0.000]
- Rotation: in Quaternion [0.000, 0.000, 0.884, 0.468]
- Rotation: in RPY (radian) [0.000, -0.000, 2.167]
- Rotation: in RPY (degree) [0.000, -0.000, 124.149]
- Matrix:
 -0.561 -0.828  0.000  0.936
  0.828 -0.561  0.000  0.843
  0.000  0.000  1.000  0.000
  0.000  0.000  0.000  1.000
At time 1762853581.786457549
- Translation: [1.390, 1.621, 0.000]
- Rotation: in Quaternion [0.000, 0.000, 0.597, 0.802]
- Rotation: in RPY (radian) [0.000, -0.000, 1.280]
- Rotation: in RPY (degree) [0.000, -0.000, 73.366]
- Matrix:
  0.286 -0.958  0.000  1.390
  0.958  0.286  0.000  1.621
  0.000  0.000  1.000  0.000
  0.000  0.000  0.000  1.000
At time 1762853582.778268895
- Translation: [1.147, 1.287, 0.000]
- Rotation: in Quaternion [0.000, 0.000, 0.775, 0.632]
- Rotation: in RPY (radian) [0.000, -0.000, 1.773]
- Rotation: in RPY (degree) [0.000, -0.000, 101.586]
- Matrix:
 -0.201 -0.980  0.000  1.147
  0.980 -0.201  0.000  1.287
  0.000  0.000  1.000  0.000
  0.000  0.000  0.000  1.000
At time 1762853583.785947849
- Translation: [1.633, 1.360, 0.000]
- Rotation: in Quaternion [0.000, 0.000, 0.431, 0.902]
- Rotation: in RPY (radian) [0.000, -0.000, 0.892]
- Rotation: in RPY (degree) [0.000, -0.000, 51.113]
- Matrix:
  0.628 -0.778  0.000  1.633
  0.778  0.628  0.000  1.360
  0.000  0.000  1.000  0.000
  0.000  0.000  0.000  1.000
At time 1762853584.778752126
- Translation: [2.080, 0.606, 0.000]
- Rotation: in Quaternion [0.000, 0.000, 0.509, 0.861]
- Rotation: in RPY (radian) [0.000, -0.000, 1.068]
- Rotation: in RPY (degree) [0.000, -0.000, 61.201]
- Matrix:
  0.482 -0.876  0.000  2.080
  0.876  0.482  0.000  0.606
  0.000  0.000  1.000  0.000
  0.000  0.000  0.000  1.000
At time 1762853585.786157954
- Translation: [1.810, 0.934, 0.000]
- Rotation: in Quaternion [0.000, 0.000, 0.670, 0.743]
- Rotation: in RPY (radian) [0.000, -0.000, 1.467]
- Rotation: in RPY (degree) [0.000, -0.000, 84.080]
- Matrix:
  0.103 -0.995  0.000  1.810
  0.995  0.103  0.000  0.934
  0.000  0.000  1.000  0.000
  0.000  0.000  0.000  1.000
At time 1762853586.778762472
- Translation: [2.121, 1.688, 0.000]
- Rotation: in Quaternion [0.000, 0.000, 0.479, 0.878]
- Rotation: in RPY (radian) [0.000, -0.000, 0.999]
- Rotation: in RPY (degree) [0.000, -0.000, 57.218]
- Matrix:
  0.541 -0.841  0.000  2.121
  0.841  0.541  0.000  1.688
  0.000  0.000  1.000  0.000
  0.000  0.000  0.000  1.000
At time 1762853587.786730128
- Translation: [2.502, 1.650, 0.000]
- Rotation: in Quaternion [0.000, 0.000, 0.432, 0.902]
- Rotation: in RPY (radian) [0.000, -0.000, 0.894]
- Rotation: in RPY (degree) [0.000, -0.000, 51.251]
- Matrix:
  0.626 -0.780  0.000  2.502
  0.780  0.626  0.000  1.650
  0.000  0.000  1.000  0.000
  0.000  0.000  0.000  1.000
At time 1762853588.778500829
- Translation: [2.088, 0.716, 0.000]
- Rotation: in Quaternion [0.000, 0.000, 0.188, 0.982]
- Rotation: in RPY (radian) [0.000, -0.000, 0.377]
- Rotation: in RPY (degree) [0.000, -0.000, 21.626]
- Matrix:
  0.930 -0.369  0.000  2.088
  0.369  0.930  0.000  0.716
  0.000  0.000  1.000  0.000
  0.000  0.000  0.000  1.000
At time 1762853589.786410076
- Translation: [1.114, 0.168, 0.000]
- Rotation: in Quaternion [0.000, 0.000, 0.023, 1.000]
- Rotation: in RPY (radian) [0.000, -0.000, 0.045]
- Rotation: in RPY (degree) [0.000, -0.000, 2.580]
- Matrix:
  0.999 -0.045  0.000  1.114
  0.045  0.999  0.000  0.168
  0.000  0.000  1.000  0.000
  0.000  0.000  0.000  1.000
At time 1762853590.778638269
- Translation: [0.566, 0.041, 0.000]
- Rotation: in Quaternion [0.000, 0.000, -0.052, 0.999]
- Rotation: in RPY (radian) [0.000, 0.000, -0.105]
- Rotation: in RPY (degree) [0.000, 0.000, -5.997]
- Matrix:
  0.995  0.104  0.000  0.566
 -0.104  0.995 -0.000  0.041
 -0.000  0.000  1.000  0.000
  0.000  0.000  0.000  1.000
At time 1762853591.786070223
- Translation: [0.283, 0.010, 0.000]
- Rotation: in Quaternion [0.000, 0.000, -0.088, 0.996]
- Rotation: in RPY (radian) [0.000, 0.000, -0.177]
- Rotation: in RPY (degree) [0.000, 0.000, -10.130]
- Matrix:
  0.984  0.176  0.000  0.283
 -0.176  0.984 -0.000  0.010
 -0.000  0.000  1.000  0.000
  0.000  0.000  0.000  1.000
